delete
0 599 669 837 1039 1227 1246 1280 1371 1372 1471 1702 1724 1760
the
0 7 14 14 43 46 90 95 97 104 106 107 117 125 126 139 144 162 163 173 188 211 248 257 259 259 266 269 279 284 295 299 304 313 316 323 336 336 339 340 345 376 376 384 420 430 434 439 450 459 464 474 478 484 505 518 521 522 539 541 564 573 584 598 603 609 614 617 621 628 639 660 672 690 701 704 716 736 736 742 745 745 748 758 765 779 781 805 824 858 862 882 891 894 894 895 921 922 923 954 956 957 974 982 982 986 993 1010 1017 1044 1075 1080 1084 1095 1100 1109 1113 1144 1150 1164 1165 1186 1187 1192 1193 1204 1205 1211 1223 1236 1267 1267 1275 1299 1315 1318 1350 1354 1385 1390 1394 1394 1402 1402 1460 1466 1468 1487 1496 1499 1502 1521 1524 1529 1537 1538 1574 1576 1591 1600 1603 1608 1615 1626 1641 1645 1653 1667 1673 1678 1691 1696 1706 1722 1733 1740 1740 1741 1743 1745 1748 1769 1794 1796 1804 1808 1815 1828 1832 1840 1857 1868 1888
middle
0 450 571
node
0 58 181 276 602 666 682 906 910 985 1176 1372 1519 1558 1701 1760
of
0 2 7 15 20 28 28 33 34 35 39 45 47 47 53 53 65 69 73 80 84 87 89 90 91 98 104 105 116 117 118 123 125 130 149 155 158 161 175 181 183 188 197 201 207 209 210 211 215 216 225 241 245 246 249 250 257 257 265 266 269 273 274 275 279 285 289 295 297 303 310 310 311 313 314 317 327 330 331 331 331 336 350 351 354 358 365 377 380 382 387 393 396 397 405 408 412 414 418 420 424 430 431 441 442 448 451 454 458 468 477 478 481 487 489 497 504 510 513 514 515 521 522 524 541 543 543 553 555 558 560 560 561 573 576 586 588 589 592 593 597 602 608 609 615 620 621 626 627 635 636 639 643 646 649 652 659 662 664 666 666 672 674 683 684 685 687 694 697 700 703 705 721 732 735 735 736 739 749 750 752 753 754 757 761 762 767 774 779 782 782 784 787 788 793 800 805 817 829 832 834 836 843 849 858 860 861 861 862 869 872 876 880 883 884 895 895 913 918 920 931 932 934 938 938 941 949 949 952 953 959 963 969 971 976 977 982 986 986 987 988 990 991 995 997 998 1003 1004 1008 1012 1021 1026 1030 1034 1044 1050 1052 1055 1057 1058 1059 1062 1062 1071 1072 1075 1081 1083 1084 1094 1095 1098 1099 1106 1108 1116 1122 1126 1127 1137 1138 1143 1144 1156 1158 1164 1165 1168 1169 1172 1179 1188 1193 1196 1197 1203 1203 1204 1213 1215 1215 1217 1221 1221 1229 1243 1248 1251 1257 1260 1267 1275 1294 1295 1296 1301 1304 1309 1313 1318 1327 1327 1329 1342 1343 1354 1356 1360 1362 1364 1385 1385 1392 1394 1395 1401 1402 1407 1409 1409 1412 1413 1415 1417 1419 1420 1428 1434 1436 1438 1439 1447 1455 1462 1463 1465 1467 1468 1468 1472 1473 1478 1481 1482 1484 1489 1493 1494 1496 1496 1499 1500 1500 1505 1506 1507 1508 1526 1527 1527 1537 1538 1539 1543 1547 1549 1553 1554 1558 1560 1560 1561 1565 1566 1569 1574 1579 1580 1587 1589 1590 1591 1597 1599 1600 1605 1609 1618 1625 1626 1627 1631 1633 1637 1641 1643 1644 1657 1661 1663 1664 1667 1669 1672 1673 1674 1678 1684 1690 1691 1695 1696 1700 1704 1706 1709 1710 1712 1713 1714 1716 1726 1728 1730 1732 1733 1735 1736 1740 1741 1745 1746 1752 1753 1757 1759 1779 1785 1790 1796 1800 1815 1820 1821 1824 1825 1826 1828 1832 1839 1841 1843 1843 1867 1871 1876 1877 1878 1887 1891
a
0 29 35 38 42 53 56 58 65 69 77 83 89 93 94 95 117 122 130 131 137 140 146 154 158 161 163 177 178 181 181 184 187 197 198 209 216 219 223 230 245 246 250 257 266 273 274 300 313 328 336 346 358 366 375 380 382 387 392 393 393 396 406 411 424 427 439 440 460 465 478 479 511 534 543 544 569 576 578 586 586 586 595 599 613 638 648 652 662 663 666 666 666 667 672 680 681 683 695 715 717 720 723 734 757 774 791 797 825 831 836 841 853 861 880 882 913 914 920 925 926 930 938 941 952 960 964 977 991 995 1035 1055 1055 1062 1062 1068 1077 1085 1093 1104 1113 1127 1136 1139 1163 1179 1181 1196 1199 1203 1215 1221 1249 1257 1266 1272 1310 1326 1327 1336 1348 1355 1355 1360 1362 1372 1382 1394 1400 1415 1420 1420 1424 1424 1425 1438 1441 1468 1478 1480 1481 1481 1489 1497 1521 1527 1528 1533 1547 1554 1558 1559 1568 1583 1589 1598 1605 1607 1614 1623 1636 1639 1661 1674 1678 1681 1681 1690 1696 1700 1705 1707 1719 1729 1730 1732 1749 1759 1760 1764 1790 1810 1815 1824 1827 1828 1830 1840 1849 1857 1870 1875 1878 1886 1886 1889
linked
0 13 85 137 228 260 375 391 536 870 906 1087 1151 1176 1188 1250 1293 1337 1382 1489 1688 1760 1855
list
0 13 79 85 111 137 228 255 260 367 375 391 536 543 543 556 602 740 759 870 906 1151 1152 1176 1250 1293 1297 1337 1357 1382 1489 1521 1688 1760 1793 1855
minimum
1 2 9 25 30 45 49 58 88 129 133 135 145 155 170 178 180 199 208 209 274 275 299 305 317 327 341 346 351 378 387 392 420 425 431 437 445 448 470 480 481 498 507 521 552 553 575 584 591 596 633 648 690 703 705 713 744 750 753 756 775 791 793 803 824 825 851 873 875 876 903 913 929 941 961 976 977 983 991 992 993 1001 1007 1010 1028 1030 1055 1067 1072 1073 1106 1110 1114 1131 1132 1150 1169 1183 1187 1196 1199 1204 1217 1223 1236 1239 1249 1275 1278 1294 1304 1305 1314 1348 1365 1373 1377 1386 1393 1399 1400 1401 1410 1420 1439 1440 1441 1447 1463 1467 1469 1470 1477 1479 1484 1529 1538 1543 1545 1546 1550 1569 1590 1599 1606 1611 1623 1626 1636 1649 1651 1655 1666 1667 1679 1681 1690 1697 1757 1764 1782 1826 1863
difference
1 135 175 211 386 408 419 426 498 505 553 634 713 891 985 992 1038 1093 1110 1410 1436 1447 1569 1647 1691
between
1 82 284 397 422 528 553 608 683 830 903 913 985 1038 1087 1110 1436 1478 1495 1647 1667 1788
largest
1 33 177 192 238 300 360 376 407 423 433 454 482 495 510 530 679 717 779 806 855 1021 1023 1025 1097 1112 1175 1258 1311 1381 1388 1446 1497 1533 1537 1563 1613 1671 1733 1861
and
1 18 50 92 148 174 227 371 410 423 443 447 468 489 531 553 593 644 688 758 770 776 837 865 871 898 907 929 940 968 985 1101 1110 1132 1138 1149 1178 1215 1230 1234 1236 1256 1282 1288 1298 1313 1328 1376 1385 1418 1436 1482 1514 1536 1560 1566 1578 1667 1676 1693 1724 1786 1799 1800 1811 1816 1818 1834 1853 1869
smallest
1 7 34 72 81 313 332 340 409 471 488 537 595 651 710 766 831 882 886 1010 1019 1128 1335 1344 1354 1362 1369 1394 1402 1431 1525 1534 1553 1634 1677 1725 1754 1765 1771 1779 1810 1817 1840
value
1 7 97 193 237 284 488 494 530 537 599 664 731 831 916 939 1007 1097 1230 1246 1355 1364 1481 1497 1561 1626 1649 1709 1759 1779
in
1 4 13 29 42 57 58 67 68 69 75 77 85 105 110 126 137 140 145 146 158 173 176 177 181 182 184 187 198 207 223 230 234 269 272 278 283 289 300 323 328 336 341 342 345 355 375 376 380 396 406 414 416 424 427 428 440 450 456 465 495 511 514 520 526 537 542 563 569 586 595 605 613 631 641 644 660 666 667 677 678 679 681 682 696 706 713 716 717 719 720 723 729 734 755 757 791 797 806 823 830 836 851 858 880 908 929 932 934 940 941 942 954 970 982 984 1000 1016 1032 1036 1044 1055 1061 1062 1077 1087 1097 1113 1124 1125 1136 1139 1146 1159 1176 1179 1181 1190 1191 1203 1246 1247 1266 1268 1283 1323 1324 1335 1342 1355 1372 1390 1391 1408 1412 1413 1420 1424 1425 1441 1497 1504 1521 1533 1539 1542 1547 1555 1564 1566 1567 1569 1576 1598 1601 1614 1620 1633 1646 1681 1683 1684 1690 1693 1701 1711 1730 1740 1749 1754 1756 1759 1760 1771 1785 1810 1824 1825 1830 1849 1852 1857 1859 1860 1863 1882 1889
three
1 51 53 454 572 578 592 720 734 871 881 964 1123 1254 1347 1484 1625 1637 1669 1709 1858
moves
1 178 378 984 1305 1373 1377 1386 1401 1466 1467 1547 1611
number
2 7 33 39 47 52 53 73 80 81 84 90 94 118 125 155 156 158 201 207 209 215 229 241 245 250 269 274 275 289 295 296 302 310 311 314 317 327 330 331 331 349 351 354 358 365 375 380 387 393 394 396 397 407 408 412 414 420 421 424 430 439 442 448 452 478 481 487 495 497 513 514 521 523 535 561 573 585 588 589 609 615 620 626 636 639 642 676 679 686 687 700 705 721 739 750 752 761 774 774 779 781 782 784 814 817 832 836 849 854 860 861 862 866 869 872 876 880 883 884 912 938 941 948 963 964 971 977 982 988 995 998 1003 1004 1010 1019 1023 1030 1034 1044 1052 1072 1075 1083 1085 1098 1099 1106 1144 1145 1156 1158 1164 1179 1193 1197 1203 1204 1217 1221 1229 1230 1231 1243 1261 1275 1294 1295 1296 1304 1313 1342 1353 1392 1394 1401 1402 1407 1409 1417 1419 1438 1439 1443 1455 1462 1463 1467 1468 1472 1493 1494 1499 1505 1507 1524 1527 1534 1538 1543 1547 1549 1554 1560 1565 1574 1579 1580 1587 1597 1600 1606 1609 1627 1641 1643 1660 1667 1669 1672 1686 1695 1712 1714 1730 1733 1735 1738 1740 1754 1757 1771 1790 1796 1813 1821 1824 1824 1825 1826 1828 1837 1854 1861 1867 1873 1876 1886 1887
frogs
2
croaking
2
replace
3 14 18 342 940 1190 1350 1577 1603 1652 1874
words
3 124 219 239 350 357 415 422 427 514 663 836 978 1050 1139 1172 1426 1512 1552 1565 1571 1579 1726 1750 1889
remove
4 52 107 255 306 529 556 577 602 623 624 656 719 923 1001 1080 1118 1127 1173 1250 1293 1337 1485 1602 1698 1884 1888
all
4 117 119 126 133 155 181 220 220 265 273 293 339 340 383 385 442 470 522 593 688 697 716 719 757 877 949 952 953 986 1030 1113 1127 1146 1168 1182 1252 1264 1266 1289 1301 1308 1327 1343 1365 1408 1411 1428 1441 1496 1514 1532 1539 1577 1620 1652 1656 1669 1726 1761 1826 1850
adjacent
4 5 88 129 213 719 1010 1315 1574 1683
duplicates
4 255 556 656 719 1702 1884
string
4 22 28 65 105 122 122 132 143 146 158 161 205 226 246 266 268 273 275 291 292 300 336 358 366 374 393 396 419 420 451 460 461 478 495 575 613 638 672 679 698 718 719 761 808 831 841 846 880 886 899 922 925 940 954 958 984 986 999 1000 1008 1015 1019 1022 1041 1077 1078 1124 1139 1141 1163 1169 1183 1204 1266 1277 1296 1300 1314 1317 1327 1350 1369 1386 1415 1480 1525 1538 1545 1575 1605 1607 1619 1634 1636 1646 1683 1715 1759 1769 1778 1798 1815 1840 1878 1879 1889 1890
ii
4 11 23 55 83 145 156 160 189 191 196 210 254 294 296 333 335 347 359 373 378 400 476 486 533 556 563 570 591 606 637 656 669 676 682 743 747 777 780 783 833 867 927 944 1016 1040 1047 1056 1066 1076 1082 1103 1141 1151 1155 1160 1216 1220 1245 1255 1274 1276 1322 1330 1361 1366 1380 1389 1422 1463 1490 1492 1572 1585 1595 1627 1648 1688 1715 1729 1799 1806 1833 1835 1847 1851
longest
5 10 21 80 175 179 234 256 326 344 353 403 492 566 612 617 689 745 767 769 797 840 911 942 944 946 951 1005 1042 1043 1078 1081 1137 1214 1233 1281 1374 1375 1384 1452 1515 1523 1539 1542 1614 1619 1642 1745 1749 1750 1777 1806 1815 1852
path
5 55 138 180 318 492 520 569 764 791 841 842 913 937 991 1218 1324 1375 1477 1614 1656 1661 1749 1830 1849 1859 1872
with
5 20 29 43 45 96 117 131 134 138 164 165 174 180 192 193 206 213 219 221 237 262 280 290 292 298 313 318 321 340 354 383 408 409 423 448 462 482 487 488 500 509 519 532 578 589 599 615 620 636 657 667 689 698 740 754 763 772 782 788 808 819 824 826 827 829 831 840 847 853 860 862 877 888 909 922 928 937 978 982 991 1005 1028 1035 1067 1119 1122 1140 1143 1145 1149 1178 1185 1242 1252 1254 1260 1271 1317 1336 1344 1352 1362 1369 1394 1406 1409 1418 1424 1446 1464 1472 1487 1491 1494 1519 1537 1563 1574 1577 1587 1603 1611 1613 1621 1625 1663 1677 1700 1726 1779 1805 1807 1827 1830 1838 1874 1887
different
5 158 221 545 561 578 657
characters
5 225 314 442 497 581 689 946 1022 1327 1484 1553 1571 1577 1625 1652 1669 1740 1818 1842
roman
6 281
to
6 9 19 49 50 52 78 84 84 93 95 107 116 124 142 152 155 170 170 174 178 178 199 208 209 215 227 247 274 275 281 290 299 305 311 317 323 326 327 331 339 339 341 351 354 358 363 375 378 387 392 393 395 420 425 434 445 446 452 457 460 470 473 480 481 490 507 507 521 522 545 547 561 561 564 575 584 585 596 603 613 615 618 624 627 633 634 645 648 648 669 690 697 715 718 731 744 750 752 753 759 761 765 774 774 782 784 794 803 808 825 832 869 870 873 875 876 894 897 910 925 961 964 976 977 977 993 1001 1005 1007 1010 1011 1022 1030 1030 1037 1039 1041 1044 1049 1049 1073 1080 1114 1142 1150 1150 1178 1187 1197 1199 1204 1223 1223 1237 1248 1249 1264 1275 1278 1280 1289 1294 1305 1307 1308 1313 1314 1322 1331 1340 1348 1348 1365 1370 1373 1377 1383 1386 1393 1399 1400 1401 1418 1419 1438 1439 1441 1449 1450 1451 1463 1467 1469 1472 1479 1481 1484 1510 1526 1529 1538 1543 1545 1560 1563 1597 1599 1606 1611 1623 1626 1635 1636 1639 1639 1651 1652 1655 1663 1666 1679 1681 1700 1703 1706 1723 1757 1758 1764 1775 1782 1784 1790 1797 1799 1816 1824 1824 1826 1826 1840 1858 1867 1875
integer
6 88 124 192 264 281 375 376 386 471 507 651 729 857 1041 1073 1164 1329 1385 1482 1482 1563 1705 1706 1885
rearranged
7
contains
8 273 338 743 1514
duplicate
8 278 338 743 781 1118 1233 1471 1781 1846
swaps
9 88 129 208 825 1010 1204 1369 1538
make
9 44 199 208 275 282 290 305 322 327 339 363 420 434 445 481 497 522 575 584 596 669 690 697 700 715 727 765 803 876 947 976 993 1001 1022 1030 1039 1049 1073 1080 1199 1204 1222 1249 1280 1314 1322 1348 1377 1439 1449 1457 1463 1467 1469 1479 1538 1543 1545 1636 1651 1679 1775 1778 1867
strings
9 22 92 146 325 363 515 547 560 630 692 749 782 876 986 1021 1057 1088 1134 1182 1227 1247 1291 1342 1354 1434 1463 1499 1685 1713 1778 1783 1801 1843
equal
9 44 114 174 199 326 331 363 378 432 442 446 448 458 488 497 522 555 565 590 615 627 708 765 782 884 947 983 1005 1030 1119 1123 1230 1254 1348 1373 1472 1560 1651 1663 1700 1778
common
10 89 301 504 732 978 1025 1043 1360 1523 1649 1672 1673 1713 1829
subsequence
10 80 175 179 200 218 326 344 403 767 840 851 944 1024 1091 1199 1362 1384 1452 1474 1490 1537 1553 1596 1642 1654 1777 1804 1806
strange
11 429
printer
11 429
maximum
12 26 43 78 96 98 108 110 116 159 183 214 215 216 241 249 285 295 312 314 318 369 395 398 418 426 465 494 514 544 569 616 620 626 628 638 646 652 662 664 668 683 686 687 694 700 708 754 788 800 801 822 829 878 884 907 916 918 928 937 938 948 956 966 969 971 973 975 980 985 995 1003 1009 1024 1029 1038 1057 1075 1084 1091 1093 1098 1099 1109 1110 1116 1121 1125 1132 1165 1179 1185 1186 1189 1203 1213 1215 1229 1236 1245 1260 1273 1352 1355 1368 1395 1403 1405 1412 1417 1444 1480 1482 1483 1489 1505 1507 1511 1512 1527 1547 1555 1558 1579 1587 1609 1627 1639 1643 1647 1661 1662 1667 1674 1677 1691 1700 1704 1759 1800 1813 1825 1832 1836 1838 1862 1865 1879 1882 1887 1891
ice
12
cream
12
bars
12
binary
13 35 42 58 77 89 117 132 141 195 196 197 230 236 267 273 274 285 298 308 326 356 375 377 401 405 414 420 444 479 486 491 509 511 574 631 635 662 666 717 759 790 793 800 808 825 856 863 870 890 920 934 945 1008 1016 1020 1068 1108 1145 1146 1154 1201 1204 1213 1245 1248 1285 1292 1296 1323 1324 1328 1360 1423 1432 1437 1510 1526 1528 1545 1575 1592 1598 1614 1620 1646 1676 1711 1718 1761 1784 1786 1815 1824 1849 1859 1877 1879 1882 1892
tree
13 24 35 58 77 89 115 141 195 196 197 230 236 247 267 274 276 285 308 356 377 401 405 440 479 491 511 631 635 640 643 646 662 666 666 674 695 709 717 759 790 793 800 856 863 870 890 920 929 932 934 939 996 1016 1020 1068 1097 1146 1201 1213 1245 1285 1292 1323 1328 1360 1427 1432 1437 1441 1510 1526 1528 1592 1598 1614 1676 1711 1718 1723 1784 1784 1786 1790 1859 1882
find
14 18 83 119 126 145 152 165 193 211 230 257 261 266 278 284 313 316 336 353 376 383 438 450 505 520 530 559 564 585 589 593 617 666 671 678 701 729 732 733 766 781 805 816 859 882 891 910 914 922 929 939 940 953 954 956 963 964 1017 1026 1046 1074 1075 1089 1097 1109 1128 1164 1182 1266 1267 1301 1318 1323 1326 1344 1376 1394 1406 1408 1481 1496 1518 1537 1566 1571 1575 1591 1621 1646 1657 1659 1664 1667 1673 1705 1722 1746 1804 1808 1815 1822 1828 1846 1850 1863
student
14 335 892
that
14 192 309 319 439 555 666 745 779 784 963 964 1111 1229 1342 1502 1563 1571 1627 1709 1796 1808 1865
will
14 384
chalk
14
median
15 435 827 1518
two
15 22 23 32 34 44 64 171 210 211 284 331 392 397 418 483 550 555 634 657 703 753 787 846 876 901 910 913 931 933 1021 1050 1057 1065 1172 1188 1198 1227 1251 1366 1412 1423 1426 1430 1463 1468 1470 1488 1495 1534 1583 1590 1620 1621 1637 1647 1673 1685 1706 1750 1788 1795 1832 1848 1877 1883
sorted
15 34 145 255 275 313 372 382 410 453 556 563 595 597 656 669 696 723 759 1039 1049 1181 1191 1280 1322 1366 1566 1658 1795 1801 1863 1884
arrays
15 34 44 87 210 211 284 327 448 555 634 703 846 1065 1144 1534 1673 1832
decode
16 139 443 1155 1378 1798
ways
16 84 215 290 331 354 358 393 545 547 561 715 752 832 869 1044 1155 1197 1307 1313 1419 1438 1597 1790 1858
rotate
17 958 1152 1265 1551
image
17 169 1453 1773
pattern
18 297 475 935
time
19 50 93 95 123 133 227 245 259 299 341 433 480 633 659 750 760 804 826 873 994 1114 1178 1278 1289 1365 1393 1404 1410 1418 1441 1479 1509 1526 1599 1681 1704 1767 1799 1816
needed
19 1289
buy
19 50 227 1178 1313 1418 1799 1816
tickets
19 542
pairs
20 91 277 310 330 365 408 468 565 568 593 639 667 672 739 782 853 970 1036 1090 1126 1159 1315 1344 1392 1407 1434 1517 1647 1691 1753 1785 1825 1841 1876
songs
20
total
20 107 183 437 735 736 1067 1165 1450 1605
durations
20
divisible
20 51 322 444 568 605 651 803 813 1090 1311 1622 1709
by
20 26 44 51 97 274 319 322 370 398 444 483 544 568 581 605 611 651 799 813 821 921 947 965 994 1007 1025 1064 1065 1090 1093 1105 1117 1193 1282 1354 1397 1422 1451 1470 1473 1512 1549 1571 1615 1709 1750 1844 1849
60
20
repeating
21 689 946 980 1081 1570 1652
character
21 319 1077 1081 1138 1214 1354 1679 1875
replacement
21 1396 1885
check
22 53 122 163 184 220 243 273 292 366 410 442 484 586 776 795 823 841 846 920 1008 1059 1090 1113 1172 1230 1514 1532 1556 1568 1582 1682 1778
if
22 53 64 122 163 184 220 273 292 366 410 442 484 520 586 776 795 823 841 846 923 1008 1059 1090 1113 1172 1230 1514 1532 1556 1568 1682 1685 1778
an
22 104 164 169 173 215 386 406 507 684 729 762 805 806 839 895 942 953 1036 1037 1125 1159 1164 1185 1190 1268 1319 1385 1398 1408 1412 1436 1496 1576 1591 1601 1655 1657 1689 1693 1728 1759 1785 1789 1827 1891
original
22 733 1318 1548 1645
exists
22 192 520
given
22 175 193 219 245 261 393 433 599 648 680 831 882 894 910 964 1147 1203 1327 1355 1376 1415 1703 1705 1796 1850
encoded
22
add
23 305 545 648 697 1157 1217 1430 1563 1593 1723 1783 1883
numbers
23 66 109 126 144 171 184 206 223 242 331 342 402 428 432 477 489 524 554 589 685 693 819 897 976 1106 1108 1143 1147 1170 1181 1197 1248 1412 1430 1475 1514 1524 1633 1694 1709 1741
construct
24 46 532 890 1019 1088 1317 1328 1786
quad
24
window
25 435 1403
substring
25 193 292 353 381 407 482 689 769 911 946 980 1081 1127 1203 1214 1233 1350 1396 1504 1527 1539 1726 1745 1815
height
26 405 775 799 989 1368
stacking
26
cuboids
26
palindrome
27 343 411 536 582 606 780 1017 1088 1115 1161 1175 1281 1467 1535 1636 1660 1750
partitioning
27 343 606 1106 1535
sum
28 43 51 53 55 65 66 96 147 149 152 313 322 362 369 388 418 446 448 469 477 496 498 500 509 510 524 551 560 590 593 597 605 620 634 648 652 662 665 694 699 703 717 735 764 784 801 802 829 840 842 853 855 858 860 888 897 928 931 932 949 959 962 964 981 990 997 1007 1009 1091 1101 1110 1116 1122 1126 1133 1140 1143 1168 1189 1198 1216 1219 1240 1248 1254 1304 1312 1337 1366 1385 1405 1413 1428 1436 1436 1444 1447 1474 1477 1489 1494 1517 1537 1546 1555 1583 1590 1610 1621 1654 1657 1666 1700 1706 1710 1734 1736 1762 1779 1784 1796 1800 1843 1882 1891
digits
28 88 173 203 206 271 433 439 577 589 943 994 1304 1385 1413 1548 1563 1577 1593
after
28 88 405 407 471 494 638 663 665 668 685 795 816 864 878 902 907 953 959 975 998 1028 1044 1070 1089 1137 1169 1183 1215 1235 1304 1341 1396 1405 1455 1466 1525 1561 1569 1640 1779 1839 1879 1886
convert
28 247 287 375 750 759 974 984 1331 1386 1606 1706 1827
cells
29 406 660 941 1070
odd
29 320 377 419 495 1428 1494 1809 1811
values
29 177 483 683 698 700 1065 1576 1607 1671
matrix
29 42 56 127 130 162 177 223 313 465 595 605 751 786 801 802 1035 1063 1129 1181 1211 1235 1324 1376 1397 1498 1556 1630 1648 1729 1749 1762 1849 1857
genetic
30 426 537
mutation
30
closest
31 77 389 428 585 671 910 1011 1017 1027 1481 1530 1654 1797
room
31 1325
combine
32
tables
32
at
33 88 134 245 617 668 680 689 698 871 1008 1015 1140 1147 1278 1355 1394 1532 1848 1849
least
33 134 452 689 871 998 1140 1532 1848
twice
33
others
33
kth
34 81 313 376 530 541 595 717 806 814 1010 1533 1615 1646 1754 1765 1810
product
34 212 290 331 465 649 680 800 878 895 1058 1175 1251 1260 1345 1385 1483 1491 1500 1647 1696 1741
vertical
35 1215 1495
order
35 150 176 196 640 851 1201 1292 1335 1504 1539 1860
traversal
35 196 235 267 401 695 890 996 1201 1285 1292 1328 1427 1510 1786
last
36 294 323 952 1207 1504 1506 1566 1612 1741
day
36 188 716 843 1095
where
36 331 384 716 758 956
you
36 386 626 687 700 716 956 966 973 1306 1505 1579 1600
can
36 122 186 309 366 386 555 626 687 700 779 823 889 956 966 973 984 1222 1229 1306 1397 1502 1505 1571 1579 1627 1778 1865
still
36
cross
36 93
classes
37
more
37 103 297 734 1191
than
37 103 212 326 423 766 847 909 1005 1119 1191 1524 1560 1700 1736
5
37 134 444
students
37 245 279 311 531 616 1445 1615
coloring
38 141
border
38
count
39 73 90 125 187 204 246 290 293 309 319 337 368 402 408 412 430 439 500 547 555 568 574 609 627 639 660 663 667 685 688 704 706 739 817 827 845 859 877 909 930 967 978 979 1004 1111 1112 1144 1158 1159 1181 1194 1212 1230 1240 1247 1252 1307 1327 1340 1415 1419 1434 1446 1455 1482 1487 1499 1522 1562 1588 1589 1601 1608 1643 1684 1692 1693 1694 1695 1719 1753 1768 1785 1801 1869
homogenous
39
substrings
39 114 201 246 265 319 478 487 527 574 608 698 808 949 1000 1098 1183 1327 1338 1342 1625 1669
first
40 336 352 716 954 1077 1566
bad
40 739
version
40 1170
valid
41 163 168 305 315 366 540 575 582 601 610 617 688 780 795 836 841 866 912 1001 1057 1243 1279 1295 1376 1406 1475 1515 1565 1717 1841 1864
perfect
41 1316 1594
square
41 331 360 524 576 601 779 796 942 1240 1252 1258 1700
special
42 132 480 670 817 967 991 1119 1424 1511 1522
positions
42
k
43 47 49 88 96 129 161 179 212 221 251 273 277 297 326 354 395 408 446 553 562 568 577 605 615 651 668 671 689 698 710 813 827 829 875 878 888 909 956 959 984 998 1067 1088 1090 1138 1140 1143 1146 1310 1312 1344 1413 1445 1450 1466 1472 1532 1537 1560 1576 1622 1633 1658 1736 1741 1797 1857
items
43 930 1013 1310 1844
reversing
44
subarrays
44 90 125 221 387 418 509 604 615 620 827 829 834 909 1083 1116 1158 1428 1472 1473 1587 1622 1677 1858
cost
45 199 341 425 753 791 873 875 991 1150 1223 1264 1420 1450 1530 1626 1655 1764 1887
buying
45
candies
45 142 395 862 904 973
discount
45 600 1424
rectangle
46 99 194 591 1166 1239 1578 1594 1736 1847
sets
47 1633
non-overlapping
47 59 418 550 620 1061 1098 1116 1621
line
47 702 1568 1623 1707
segments
47 396 522 901
circular
48 580 613 938 1002 1224 1267 1444
array
48 84 91 110 112 117 126 145 149 151 163 164 173 199 207 215 243 261 266 277 287 287 290 315 342 372 376 378 382 387 410 434 441 450 453 462 473 481 493 532 563 565 568 584 596 603 611 613 622 634 641 649 656 658 678 684 690 696 715 723 727 729 731 732 733 733 762 765 773 803 805 806 816 832 838 839 855 858 891 895 918 942 947 953 954 956 959 976 993 1009 1030 1032 1036 1037 1049 1064 1080 1089 1090 1105 1119 1132 1136 1159 1185 1190 1191 1207 1254 1268 1284 1315 1318 1339 1355 1366 1373 1377 1378 1387 1395 1408 1412 1422 1436 1439 1449 1457 1469 1473 1473 1496 1500 1529 1551 1555 1566 1576 1591 1601 1633 1645 1651 1655 1657 1663 1664 1666 1673 1689 1693 1703 1728 1731 1756 1759 1775 1800 1825 1827 1827 1839 1852 1856 1858 1863 1868 1880 1884
loop
48
recolors
49
get
49 84 110 114 386 626 720 973 1007 1186
consecutive
49 66 129 256 554 572 579 700 819 914 964 1108 1284 1330 1337 1454 1511 1607 1633 1652 1782 1812 1842
black
49
blocks
49
best
50 227 550 960 1014 1178 1418 1476 1799 1816
sell
50 227 455 1178 1418 1799 1816
stock
50 120 227 874 1178 1221 1418 1799 1816
greatest
51 644 732 862 1246 1713 1874
digit
52 65 300 500 883 1093 1143 1147 1230 1230 1304 1436 1459 1534 1734
from
52 255 386 526 556 602 622 656 658 695 710 733 790 886 890 901 914 957 966 973 1019 1029 1041 1054 1099 1132 1138 1163 1185 1222 1237 1293 1308 1315 1328 1337 1426 1518 1534 1548 1550 1559 1671 1786 1850 1884 1888
maximize
52 104 473 731 762 872 880 901 959 1011 1341 1466
result
52 1451
is
53 163 292 331 410 484 543 605 795 841 1296 1366 1556 1568 1583 1596 1682
powers
53 1058
uncrossed
54
lines
54 761 1623
search
56 77 89 356 400 479 486 511 511 563 640 696 759 771 890 1068 1153 1154 1323 1437 1528 1620 1729 1784 1853
2d
56 287 677 699 936 1065 1729 1827
prime
57 414 428 1161 1253 1269 1500 1779 1817
diagonal
57 254 1762
second
58 300 1114 1162
intervals
59 258 706 1173
freedom
60
trail
60
super
61 349 546 1270 1448
palindromes
61
course
62 617 1056 1720
schedule
62 1056 1196 1720
iii
62 127 172 229 338 388 632 764 815 885 1006 1096 1130 1139 1280 1367 1454 1535 1629 1686 1816
teemo
63
attacking
63
determine
64 576 1397 1678 1685
events
64 550 1229 1627
have
64 442 716 1600
conflict
64
calculate
65 75 670 908 1767
reorder
67 84 339 1793
data
67 258 914 1411 1518
log
67 1650
files
67
investments
68
2016
68
display
69
table
69 681 1442 1456 1754
food
69 521 534 1082
orders
69 269 600 1733
restaurant
69 1675
burst
70 351
balloons
70 351 1003
design
71 138 154 166 286 361 391 534 538 571 580 848 896 915 1002 1085 1302 1398 1414 1727 1789
underground
71
system
71 166 278 534 771 1085 1727
good
72 119 125 216 365 368 402 547 564 822 979 988 1182 1493 1601 1641
base
72 1329 1331 1413 1486
teams
73 458 821
employee
74 724 745 1167 1603
importance
74 183
amount
75 1526 1599
paid
75
taxes
75
airplane
76
seat
76 232 1401
assignment
76
probability
76 272 937 1468
nodes
77 137 155 295 340 355 416 627 697 755 830 903 910 970 982 1004 1122 1146 1271 1293 1337 1487 1592 1656 1667 1724 1753 1785
queries
77 381 405 665 992 1058 1099 1257 1288 1336 1554 1845
distribute
78 142 904 1570 1711
money
78 552 908
children
78 395
insertion
79 494 1636
sort
79 97 144 162 274 292 333 367 581 611 1064 1177 1193 1300 1422 1529 1615 1653 1689 1811 1844
increasing
80 203 208 218 374 584 640 718 944 1038 1064 1080 1452 1457 1588 1730 1749 1777 1860
query
81 147 159 426 699 962 1399 1632
trimmed
81
plates
82
candles
82
peak
83 1136 1508 1822
element
83 595 621 641 654 723 806 907 1032 1080 1137 1185 1187 1191 1380 1436 1466 1533 1566 1567 1602 1629 1810 1822 1874
same
84 115 237 280 462 734 819 923 982 1044 1150 1468 1491 1574 1808
bst
84 247 645 713 865 903 990 1372 1583 1810 1882
split
85 146 358 434 462 478 832 855 969 1202 1284 1655 1858
parts
85 1123 1254
permutations
86 540 1103
intersection
87 210 1188 1848
multiple
87 454 532 1725
possible
88 293 728 843 1004 1054 1761 1850
most
88 262 280 301 362 621 668 698 963 1008 1100 1147 1628 1632 1804 1849
on
88 387 406 633 745 822 1202 1278 1295 1326 1336 1480 1554 1589 1694 1707 1719 1874
lowest
89 504 553 1360
ancestor
89 504 985 1360
beautiful
90 573 596 1066 1073 1421 1462 1632 1634
doubled
91 733
encrypt
92
decrypt
92 1041
bridge
93 1359
reach
94 155 341 744 1010 1114 1305 1306 1611
latest
95 758 994 1026 1390
catch
95
bus
95 323 528 1120
exactly
96 956
elements
96 230 251 378 648 658 671 710 765 847 953 1030 1038 1105 1119 1190 1250 1373 1449 1470 1569 1574 1620 1622 1663 1710 1839 1874
integers
97 152 158 221 445 500 579 706 888 914 931 964 967 969 998 1051 1113 1193 1455 1488 1570 1706 1883
power
97 592 787 1071 1465 1871
tastiness
98
candy
98 467 517
basket
98
overlap
99 1773
self
100 242 649 685
crossing
100 1872
allocate
101
mailboxes
101
stone
102 167 294 413 815 1255 1520 1541 1612
game
102 128 141 167 270 334 404 413 637 712 798 815 850 868 981 1107 1255 1267 1321 1326 1429 1435 1458 1520 1541 1544 1581 1591 1678 1699 1721 1740 1747 1752 1763
viii
102
employees
103 1242 1289 1460 1639 1803
earning
103
their
103 178 1615
managers
103 134
confusion
104
exam
104 616 1325
percentage
105 1288 1732
letter
105 250 624 644 663 766 1290 1362 1750
open
106 977
lock
106
stones
107 280 425 1029 1330 1812
minimize
107 634 736 1047 1395 1433 1451 1513 1555 1640 1691 1756 1832
frequency
108 222 581 621 624 708 1064 1354 1531 1819 1845
stack
108 157 164 503 789
finding
109 253 598 853
3-digit
109
even
109 320 416 500 589 697 969 1709 1725 1809 1811
generated
110
partition
111 112 163 215 446 451 590 634 698 1009 1254 1703
triangle
113 238 364 533 807 912 1381
within
114 562 1050 1142 1310 1417
budget
114 1417
minimized
116
products
116 148 385 434 921 1456 1521
distributed
116
any
116 282 586 694
store
116 804
divisions
117
highest
117 409 553 701 778 1162 1310 1334 1487 1508 1519
score
117 216 279 369 409 431 473 636 638 909 913 918 953 1024 1029 1109 1186 1235 1305 1341 1470 1487 1496 1512 1519 1558 1615 1618
distinct
118 160 497 513 527 829 891 1102 1455 1468 1500 1553 1625 1694
roll
118 1244
sequences
118 208 503 704
indices
119 1075 1089 1408 1811
price
120 680 736 1110 1282 1310 1774
fluctuation
120
sliding
121 233 435 1403
subarray
121 212 216 249 566 597 731 813 847 928 951 997 1005 1049 1069 1121 1137 1140 1219 1257 1260 1312 1444 1483 1546 1567 1662 1836
beauty
121 858 949 1165
break
122 411 857 1160 1232
another
122 543 643 1473
average
123 135 253 462 627 934 1236 1509 1560 1662 1663 1709 1774
process
123 768 1148
per
123 222
machine
123 1789
english
124 644 1548
lonely
126
spiral
127 751 1648
jump
128 320 334 373 637 653 868 1107 1747
vi
128 1541
for
129 159 163 324 346 433 518 540 724 884 893 960 983 1009 1184 1214 1227 1350 1505 1526 1565 1632 1705
ones
129 579 877 1008 1234 1252 1454 1838
rank
130 499 821 1086 1617 1728
transform
130 794 1032 1728
patients
131
condition
131 1796
visiting
133 1656
points
133 753 869 966 971 1099 1125 1241 1264 1495 1495 1554 1667 1707 1797 1887
direct
134
reports
134
set
136 414 873 1147 1771 1848
mismatch
136
swapping
137
graph
138 140 181 355 520 652 763 797 1055 1461 1497 1661 1746 1785
shortest
138 140 613 629 1049 1069 1115 1140 1309 1324 1359 1656 1722 1829 1830 1875
calculator
138 711 792 1286 1361
message
139 1202
cycle
140 797 1688 1855
people
142 383 424 457 543 822 861 894 1653 1757
scramble
143
jumbled
144
rotated
145 410 563 696 943 1863
balanced
146 1314 1350 1538 1718 1738 1815
range
147 332 379 406 428 489 597 667 699 710 962 990 1058 1113 1276 1310 1696 1845
-
147 699 962 1366 1490 1583 1702
mutable
147
recyclable
148
low
148
fat
148
running
149 1704
1d
149 287
customers
150 385
who
150 282 385 871 1100
never
150
patching
151
n
152 317 541 600 776 808 986 1070 1147 1149 1341 1597 1704
unique
152 415 478 486 650 777 998 1000 1006 1052 1077 1135 1327 1469 1493 1549 1575 1603 1679 1710 1751 1780
up
152 1563 1782
zero
152 165 170 174 339 423 445 522 585 774 947 1337 1340 1809
implement
153 789 1195 1739 1791
rand10()
153
using
153 392 480 734 768 789 1195 1840
rand7()
153
text
154 1573
editor
154
vertices
155
guess
156 1748 1873
higher
156 1873
or
156 165 280 297 326 461 734 756 1005 1119 1348 1560 1677 1700 1808 1862 1873 1877
lower
156 644 1758 1873
min
157 1264 1435
xor
159 381 522 530 555 593 667 691 703 975 1168 1185 1257 1268 1318 1343 1412 1513 1581
each
159 412 537 561 608 617 682 724 1032 1097 1138 1246 1399 1549 1565 1621 1632 1701 1826
subsequences
160 817 880 1102 1156 1174 1251 1284 1485 1493 1768 1780 1796
divide
161 295 439 458 565 1400 1438 1488 1633
into
161 287 295 458 478 565 634 698 1068 1106 1254 1284 1416 1607 1827 1858
groups
161 268 295 416 515 542 749 753 995 1301 1507 1844
size
161 273 603 641 894 1025 1026 1546 1560 1625 1848
diagonally
162
there
163 841
build
164 547 622 956 1035
operations
164 170 209 274 275 292 327 363 445 448 471 507 584 690 750 765 975 993 1030 1037 1067 1131 1199 1249 1340 1341 1439 1455 1525 1561 1606 1640 1651 1666 1826 1867
players
165 458 754 758
one
165 319 370 445 734 883 928 978 1008 1080 1081 1137 1484 1723 1778 1805 1824 1849
losses
165
parking
166
parentheses
168 305 306 366 545 608 841 1001 1057 1084 1451 1515 1618 1698 1708
flipping
169 404 1235
reduce
170 507 603 774 1387 1824
x
170 1062 1119 1119 1808
adding
171 663 925 1451
negabinary
171
sentence
172 184 427 459 484 586 655 836 1224
similarity
172
separate
173 1197
triples
174 1240
bitwise
174 363 423 489 593 691 834 1343 1677
arithmetic
175 403 604 675 1209 1222 1490 1712
print
176 357 856 972 1809 1840
local
177 1298
move
178 460 1150 1295 1682 1826 1831
box
178 490 1205 1826
target
178 387 393 532 613 618 620 766 782 784 860 976 1022 1089 1187 1305 1308 1481 1563 1610 1611 1621
location
178
repeated
179 206 226 249 297 1214
times
179 297 734 871 1243 1296
effort
180
ancestors
181
directed
181 1497
acyclic
181
magic
182 1072 1258 1739
squares
182 382 1287 1316
grid
182 257 464 578 660 677 720 757 791 825 936 941 1099 1104 1179 1249 1420 1429 1547 1597 1638 1681 1730 1830
roads
183 991
are
184 846 923 1090 1113 1524 1532 1685 1709
ascending
184
car
185 835 1389
pooling
185
place
186 1044 1419
flowers
186 289
fertile
187
pyramids
187
land
187 1054
week
188
word
189 234 301 392 400 475 480 516 586 586 629 795 823 1153 1160 1172 1226 1232 1342 1446 1506 1531 1542 1748
ladder
189 516
dota2
190
senate
190
parallel
191 632
courses
191 632
positive
192 352 814 969 1007 1260 1482 1705
its
192 776
negative
192 465 1181 1482
hash
193
maximal
194 796 1086
evaluate
195 672 1624
boolean
195
level
196 274 662 1201 1292
verify
197
preorder
197 267 695 890 996 1328 1510
serialization
197
generate
198 950 1708
random
198 321 740 772 786 906 1061 1262
point
198 412 1061 1808
circle
198 283 1400 1554 1578
wiggle
200 333
wonderful
201
edit
202
distance
202 284 392 437 528 613 683 812 903 1011 1128 1146 1187 1282 1394 1640 1875
monotone
203 718
days
204 317 397 518 564 1070 1142 1294 1543
spent
204
together
204
di
205 540 1019
match
205 226 1396 1510
unequal
207
triplets
207 555 618 979 1601 1712
reinitialize
209
permutation
209 508 622 694 725 1124 1212 1290 1336 1805
less
212 326 909 1005 1700
flower
213
planting
213
no
213 1409 1495 1736
gap
214 1892
factorial
217 1060
trailing
217 569
zeroes
217 1234 1831
triplet
218 618
counting
219 1346
prefix
219 444 473 560 586 612 1042 1318 1523 1673 1853
a's
220
appears
220
before
220 552 952
b's
220
tweet
222
counts
222
lucky
223 729
water
224 262 867 977 1256 1564
bottles
224
stream
225 258 914 1398 1518 1533
iv
227 343 413 496 711 726 868 1321 1583
reverse
228 264 377 416 608 731 755 844 999 1131 1139 1141 1151 1455 1878 1889
ugly
229 296 349
contaminated
230
capital
231 1223 1351
gain/loss
231
cinema
232
allocation
232
puzzle
233 675 1565
dictionary
234 393 1050 1319 1542 1739
through
234 243 372
deleting
234 1137 1169
snail
235
univalued
236
create
237 372 645 790 1228 1813
components
237 260 430
perimeter
238
concatenated
239
shopping
240
offers
240
achievable
241
transfer
241
requests
241 963 1100 1148
dividing
242
formation
243
concatenation
243 441 782 1108 1726
slowest
244
key
244 1336 1737
doing
245
homework
245
vowel
246 738 1247 1801
greater
247 423 766 847 1119 1176 1380 1560 1629 1738 1784
escape
248 1870
ghosts
248
length
249 297 416 767 829 986 1169 1183 1203 1260 1428 1506 1532 1537 1644 1700 1745
combinations
250 1295 1584
phone
250 1231 1475
top
251 924 1347 1445
frequent
251 362 621
shifting
252 1492
letters
252 844 1118 1492 1512
mk
253
traverse
254
sequence
256 304 508 540 950 1222 1309 1379 1558
width
257 285 312
columns
257 398 669 884 1039 1280
as
258 586 1054 1054 1342 1877
disjoint
258
when
259 502
network
259 328 1086 1352 1404 1867
becomes
259
idle
259
subset
261 543 590 1168 1311
sums
261 532 597 720 813 1344 1376 1569
container
262 1085
contain
263
virus
263
vowels
265 1203 1212 1539 1878
divisibility
266 1109
similar
268 327 1013 1169 1434
backlog
269
play
270 1321
analysis
270 885 1321 1345
i
270 332 518 887 889 892 1345 1503 1642 1662 1742 1803
sequential
271 818
knight
272 1582 1881
chessboard
272 576 794 1295
codes
273
inverse
277
file
278 1135 1375
solving
279
math
279
expression
279 664 1157 1200 1320 1451 1626
removed
280 1049
row
280 983 1018 1097 1246 1376 1514 1723 1838
column
280 421 647 1376 1514
customer
282 1046 1048 1733
visited
282 941
but
282
did
282
not
282 307 543 1663
transactions
282 552 1503
robot
283 449 1383 1420 1833 1840
bounded
283 1355 1587
twitter
286
utf-8
288
validation
288
full
289 788 843 1600 1761
bloom
289 843
backspace
291
compare
291 1170 1354
transformable
292
routes
293 339 1120
weight
294 772 1612
detect
297 677 1351
m
297 1026 1543
trees
298 486 775 1184 1423 1620 1761 1772
factors
298 1500 1672 1779
finish
299 961 1275
race
299 835
complex
302
multiplication
302 1754
fair
303 517 639 715
distribution
303
cookies
303 852
stamping
304 464
invalid
306 1823
boring
307
movies
307
tilt
308
artifacts
309
be
309 366 823 1049 1229 1397 1526 1571 1627 1639 1865
extracted
309
interchangeable
310
rectangles
310 412 779 1061
unable
311
eat
311 317
lunch
311
ramp
312
rows
313 398 884 1857
removable
314
mountain
315 481 678 1136 1852
town
316
judge
316
oranges
317 587
gold
318
differ
319
pick
321 772 1262 1782
blacklist
321
p
322
person
323 714 1011
fit
323
iterator
324 625 900 1357
combination
324 388 423 496 551 1216
merge
325 425 453 618 645 820 830 1013 1021 1065 1087 1423 1658 1795
alternately
325 972
critical
328 929 1667
connections
328
goat
329
latin
329
satisfying
330
inequality
330
vii
334
attendance
335 892
record
335 892
index
336 450 488 1015 1074 1136 1262 1355 1590
occurrence
336 978
primes
337
paths
339 605 636 777 824 988 1006 1308 1432 1598 1644 1730 1751 1820
lead
339
city
339 345 933 1363 1370 1394
subtree
340 362 405 537 627 643
deepest
340 504 1133
destination
341 1114 1363
non-coprime
342
harmonious
344
avoid
345 1652
flood
345 730
penalty
346
shop
346 1424
redundant
347
connection
347
watering
348 747
plants
348 747
short
350
encoding
350
arrows
351
missing
352 438 471 537 814 1242 1261
awesome
353
rearrange
354 422 427 473 1022 1105 1456
sticks
354 354
visible
354 424 971
reachable
355 1271
subdivided
355
recover
356 695 1645
vertically
357
n-queens
359 746
1-bordered
360
hashset
361
apply
363 600 1032 1037
judgement
364
meals
368
compatibility
369
increment
370 1469
submatrices
370 784 877 1252
cat
371
mouse
371
instructions
372 757 1765
frog
373 653 902
decreasing
374 907
levels
377 934
module
379
laser
380
beams
380
bank
380 564 908 927
secret
383 861
ball
384
fall
384 952
bought
385
max
386 478 636 1251 1322 1364 1370 1407 1435 1454 1707 1716 1736
changing
386 1470
increments
387 878
form
387 393 555 618 648 779 1473 1534 1563
divisors
389 872 881 1349
arranging
390
coins
390 440 626 1711
type
392 480 1579
fingers
392
additive
394
allocated
395
dates
397
covered
398 544 1113 1173
restore
399 1315
ip
399
addresses
399 650
postorder
401 1427 1786
card
404
removal
405 744 1569
excel
406 421 647
sheet
406 421 647
mutating
407
absolute
408 498 664 713 992 1005 1375
rotation
409 1397
containing
412 1495 1669
bits
414 1145 1193 1346
representation
414 1824
morse
415
code
415 583
sleep
417
flips
420 1348 1440
alternating
420 690 1091 1145 1204 1545 1734
spaces
422 925
queue
424 571 580 799 1195 1787
complete
430 470 863 1365
triangulation
431
polygon
431 1589
rational
432
coprime
434
climbing
436
stairs
436
traveled
437
observations
438
collect
440 1441 1599
occurrences
442 864 1052 1127 1362 1527
encode
443
tinyurl
443
bit
445 1646
subsets
446 573 609 833 1208 1226 1641 1643
snakes
447
ladders
447
walking
449 1833
simulation
449 1244 1833
optimal
451
operators
452 1157
express
452
diminishing-valued
455
colored
455 923
balls
455 1468 1690 1788 1826
put
456
marbles
456
bags
456 788
boats
457
save
457
skill
458
sorting
459 1089 1792
pieces
460 923 1631
obtain
460 966 1340
without
461 579 946 1511
aaa
461
bbb
461
soup
463
servings
463
non
465
single-threaded
466
cpu
466
successful
468
spells
468
potions
468
multiples
469
rounds
470 758 1600
tasks
470 687 768 961 1275 1365
non-negative
471 579
champagne
472
tower
472
solve
474
equation
474 1364 1705
my
476 887 1130
calendar
476 887 1130
k-mirror
477
trim
479
typewriter
480
removals
481 998 1405
variance
482
keep
483 1370
multiplying
483
found
483 514
pangram
484
fizz
485
buzz
485
only
487 844
1s
487
categorize
490
according
490 1703
criteria
490
invert
491
univalue
492
nesting
493 1057 1084
sequentially
499
ordinal
499
tracker
499 1819
gas
501
station
501
bricks
502
falling
502 1287
hit
502
validate
503 1437 1592
leaves
504 599 1133
asteroid
506
collision
506
0
507
averages
510 513
russian
512
doll
512
envelopes
512
sentences
514 1426
special-equivalent
515
swap
517 707 970 1214 1273 1640 1683 1778 1805
user
518
activity
518
past
518
30
518
3sum
519 1027 1687
multiplicity
519
buckets
521
feed
521
hamsters
521
nth
523 602 778 1459 1646
magical
523 1890
4sum
525 1274
nearest
526 1808
exit
526
entrance
526
maze
526 1870
echo
527
stops
528 562 705
boxes
529 973 1237 1468
coordinate
530 1352 1808
examinations
531
pascal's
533 807
rating
534 1814
complement
535 1329
memory
538
allocator
538
capitalize
539
title
539 647
factor
541 1025
booking
542
concert
542
whose
543 605 1460
favorite
543
companies
543
white
544 1028
tiles
544 1028
carpet
544
washing
546
machines
546
masking
548
personal
548
information
548 1242
strong
549 1835
password
549 1835
checker
549 989 1835
required
552 824
scores
553 560 1617 1843
poor
557
pigs
557
surface
558
area
558 591 1094 1166 1215 1239 1381 1495 1716 1847
3d
558 1094
shapes
558 1094
right
559 682 1020 1101 1138 1701 1874
interval
559 1297 1374 1399
wear
561
hats
561
other
561
cheapest
562
flights
562
rob
564
nice
566 872 911 1158 1159
surrounded
567
regions
567 965
zeros
569 830 1781
cornered
569
bulb
570 1171
switcher
570 1171
front
571
back
571
odds
572
additions
575
color
576 923 1497 1574
painting
578
colors
578 657 1177
gray
583
occurs
586
rotting
587
boomerangs
588
mini
594
parser
594 661 722
deletions
596 803 1314 1480 1679
users
598 898 1406 1732
active
598
minutes
598
every
600 1514
end
602
half
603
lfu
607
cache
607 826 1332
pair
608 683 1128 1476 1555
square-free
609
boomerang
610
parity
611 1422
happy
612 986 1078 1443
pass
614
pillow
614
gcd
615
taking
616
obstacle
617 744
position
617 902 960 1150 1566
koko
619
eating
619
bananas
619
equals
620 1172 1312
comments
623
equalize
624
rle
625
detonate
628
bombs
628
completing
629
isomorphic
630
cousins
631 1016
speed
633
arrive
633 1278
diameter
635
splitting
638 1304 1607
n-repeated
641
2n
641
biggest
642 720
single
642 645 676 723 1686 1837
upper
644
case
644 1290 1758
bsts
645
depth
646 793 1057 1084 1213
n-ary
646 996 1427
except
649
email
650
star
652 1746
majority
654 1567
truncate
655
furthest
657 1306
houses
657 1419
filter
658 1282
exclusive
659
functions
659
unguarded
660
html
661
entity
661
obtained
663 694 1397
handling
665
update
665
corresponding
666
clone
666 1461
fruits
668 1303
harvested
668
steps
668 774 876 1044 1463 1636 1775 1824
bonus
670 1167
bracket
672
corporate
673
flight
673
bookings
673
coprimes
674
verbal
675
cycles
677
3-same-digit
679
date
680 921 1180
fix
681
names
681 1135
populating
682 1701
next
682 725 1176 1380 1629 1701 1738
pointers
682 1701
degree
684 1055
smaller
685 1524
69
686
assign
687 852
pickup
688 1053 1585
delivery
688 1082
options
688
neighboring
691
buddy
692
lexicographical
693 986 1335 1504
edges
697 929
degrees
697
immutable
699 962
altitude
701
tenth
702
hidden
704 994
refueling
705
salary
707 778 1162 1194 1236 1236 1334
symmetric
709
covering
710 1028
lists
710 1087 1188 1590 1658 1795
basic
711 792 1361
elimination
712 1830
sales
714 885 1345
been
716
rooms
716 1096
flip
718 786 884 1510 1849
rhombus
720
senior
721
citizens
721
goal
722
interpretation
722
primary
724
department
724 1334 1347 1442
house
726 1220 1367 1604
robber
726 1220 1604
empty
727
bipartition
728
fill
730
divisor
732 882 1458 1713
alert
734
key-card
734
hour
734
period
734 1521
strength
735
wizards
735
trips
736 898
camelcase
737
matching
737 754 930 1156 1200 1776
spellchecker
738
copy
740
pointer
740
lemonade
741
change
741 1484 1595 1626 1680 1879
skyline
742 1370
problem
742 1256
corner
744
worked
745
task
745 1040 1802
erect
748
fence
748
select
752
buildings
752
connect
753 1264
trainers
754
k-group
755
impossible
756 1309
execution
757
suffix
757 1440 1853
staying
757
earliest
758 843
compete
758
promise
760
limit
760 826 1005 1202 1317 1690
write
761
greatness
762
connectivity
763
threshold
763 847 882 1394 1560 1700
reduction
765
fibonacci
767 854 950
servers
768 963 1111
palindromic
769 954 1023 1338 1384 1485 1768 1780 1854
daily
770 919
leads
770
partners
770
suggestions
771
snapshot
773
double
776 1886
exist
776
brace
783
expansion
783
brick
785
wall
785
capacity
788 1142
rocks
788
queues
789
descriptions
790
substitutions
795
baseball
798
reconstruction
799
splitted
800
block
802
based
804 822 1202
key-value
804
k-sum
805 1407
representing
808
1
808 1030 1193
throne
809
inheritance
809
online
810 874 1567
election
810
memoize
811 1572
hamming
812 1640
resultant
816
removing
816 1029 1072 1132 1163 1183 1839
anagrams
816 845 1225 1266
destroy
818
targets
818
differences
819 1101
accounts
820
votes
821
statements
822
placed
823
crossword
823
weighted
824
subgraph
824
arrange
825
minesweeper
828
numeric
831
ors
834
earn
837 869
chunk
838
shuffle
839 1259 1868
limited
840 1644
equivalent
846 1876
varying
847
authentication
848
manager
848 1460
closed
849
islands
849 1821
nim
850
non-increasing
851
certain
853
followers
859
dice
860 1244
rolls
860 1309
aware
861
kids
862
inserter
863
bigram
864
serialize
865 1676
deserialize
865 1676
trapping
867
rain
867
flatten
870 1357 1382
actors
871
directors
871
cooperated
871
cooking
873
span
874
hire
875 1450
workers
875 1450
anagram
876 1463 1864
relative
879
ranks
879
starting
886
leaf
886 897 1248
append
888
minimal
888
win
889 901
available
893
captures
893
rook
893
group
894 894 921 1026 1112 1117 1225 1307
they
894
belong
894
sign
895 1105 1388
bitset
896
root
897 1004 1248
interleaving
899
peeking
900
t
902
seconds
902
profitable
905
schemes
905
rearranging
907 1303
leetcode
908
cities
913
hashmap
915
erasure
916
exchange
917
seats
917
spliced
918
temperatures
919
completeness
920
sold
921
lcp
922
both
923
neighbors
923 1394 1663
travellers
924
naming
926
company
926 1460
account
927
summary
927
deletion
928
pseudo-critical
929
spanning
929
rule
930
distances
932
scheduling
933
132
935
shift
936
darts
938
inside
938 1554
dartboard
938
bottom
939
left
939 1101 1138 1460
streak
942
watch
945
subtracting
947
amounts
947
third
948
turbulent
951
moment
952
ants
952
out
952 1637 1820
plank
952
marking
953
counter
955 1076
comparisons
956
take
957 1138
gifts
957
richest
957 1048
pile
957
negations
959
service
960
centre
960
initial
961
energy
961
handled
963
cut
965 1184 1764
slashes
965
cards
966 1062 1782 1860
domino
968 983 1876
tromino
968
tiling
968
foobar
972
temperature
974 1031
function
976 1079 1228 1265 1464 1481
calls
976
taps
977
garden
977
sub-tree
982
label
982
rotations
983 1611
k-th
986 1128 1283 1335 1817
friends
987 1100 1692
appropriate
987
ages
987
k-increasing
993
replacing
994 1779
entering
995
competition
995 1125
ranges
997 1247 1307
wraparound
1000
deque
1002
continuous
1005 1069 1219 1439 1452 1745
diff
1005
step
1007 1007
has
1008 1100 1230 1808
segment
1008 1405
satisfiability
1012
equality
1012
equations
1012
poker
1014
hand
1014
decoded
1015
keyboard
1018 1665
side
1020 1700 1874
view
1020
component
1025
carpets
1028
rising
1031 1564
over
1032
long
1033 1438
pressed
1033
name
1033
atoms
1034
conditions
1035 1484 1827
k-diff
1036
scheduler
1040 1802
alphabet
1041
mapping
1041
uploaded
1042
subpath
1043
stay
1044
some
1044 1839
video
1045 1628
stitching
1045
referee
1046
malware
1047 1433
spread
1047 1433
wealth
1048
edits
1050
powerful
1051
cherry
1053 1585
far
1054
connected
1055 1867
trio
1055
object
1059
instance
1059
class
1059
clumsy
1060
kind
1062
deck
1062
pyramid
1063
transition
1063
summing
1065
arrangement
1066 1421 1841
space
1067 1550
wasted
1067 1550
resizing
1067
insert
1068 1371 1702
unsorted
1069
prison
1070
reordered
1071
2
1071 1149 1665
beans
1072
addition
1073 1276
pivot
1074 1703
marked
1075
composition
1079
strictly
1080 1457 1854
immediate
1082
zero-filled
1083
pow(x,
1092
n)
1092
remapping
1093
projection
1094
year
1095
meeting
1096 1278 1639
friend
1100 1148
ii:
1100
cyclically
1104
rotating
1104 1205
deci-binary
1106
communicate
1111
3
1116 1597
even-valued
1122
grandparent
1122
archery
1125
floored
1126
01
1129
multiply
1134
making
1135 1272
1's
1137 1532
ship
1142
packages
1142
d
1142
units
1143
ideal
1144
restricted
1148
egg
1149 1270
drop
1149 1270
eggs
1149
floors
1149 1511 1511
chips
1150
stars
1163
punishment
1164
gardens
1165
totals
1168
ends
1169
summation
1172
non-decreasing
1174 1775 1856
transaction
1178
fee
1178
fish
1179
reformat
1180 1231 1442 1769
off
1184
golf
1184
event
1184
k-concatenation
1189
appearing
1191
25%
1191
predict
1192
winner
1192 1326 1591 1678
categories
1194
stacks
1195 1516
difficulty
1196
job
1196
regular
1200
confirmation
1206
rate
1206
prototype
1207
slices
1209 1490 1807
thousand
1210
separator
1210
reshape
1211
piece
1215
cake
1215
horizontal
1215
cuts
1215 1400
rungs
1217
simplify
1218
smooth
1221
descent
1221
periods
1221
progression
1222
fuel
1223
report
1223
operation
1227 1253 1268
hello
1228
world
1228
attended
1229 1627 1732
excluding
1236
delivering
1237
storage
1237
ports
1237
debounce
1238
reaching
1241
clock
1243 1478
uni-value
1249
dot
1251
subtraction
1253
jug
1256
advantage
1259
big
1263
countries
1263
losers
1267
arrangements
1269
restrictions
1271
large
1272 1559 1870
island
1272 1294 1716
work
1275 1505
sessions
1275
reorganize
1277
skips
1278
tic-tac-toe
1279
state
1279
chunked
1281
decomposition
1281
restaurants
1282
vegan-friendly,
1282
symbol
1283
grammar
1283
inorder
1285 1328 1786
broken
1286
quality
1288 1352 1661
inform
1289
k-similar
1291
zigzag
1292 1449 1614 1670 1859
disconnect
1294 1849
prefix-aligned
1296
intersections
1297
global
1298
inversions
1298
cracking
1299
safe
1299 1659
custom
1300 1464
farmland
1301
browser
1302
history
1302
four
1304 1349 1465
building
1306 1368 1770
overlapping
1307 1578
source
1308
ranked
1310
pens
1313
pencils
1313
repeat
1317
verifying
1319
alien
1319
parse
1320
lisp
1320
chunks
1322
mode
1323
tic
1326
tac
1326
toe
1326
10
1329
moving
1330 1812
until
1330 1812
-2
1331
lru
1332
filling
1333
bookcase
1333
shelves
1333
monotonic
1339
appear
1342
pairings
1343
salaries
1347
b
1348
c
1348
n-th
1353
tribonacci
1353
human
1356
traffic
1356
stadium
1356
nested
1357 1731
h-index
1358 1851
k-length
1362
input
1366 1583
paint
1367 1597
increase
1370
getrandom
1371 1702
o(1)
1371 1702
well-performing
1374
complementary
1377
xored
1378
fancy
1379
multilevel
1382
doubly
1382
return
1383 1724
origin
1383 1797
subtract
1385
transformation
1387
plus
1388
fleet
1389
login
1390
2020
1390
rabbits
1391
forest
1391 1724
excellent
1392
repair
1393
cars
1393
whether
1397
ordered
1398 1521
include
1399
everyone
1401
unoccupied
1402
chair
1402
delay
1404
e-mails
1406
k-distant
1408
burgers
1409
waste
1409
ingredients
1409
o`one
1411
structure
1411
skiplist
1414
prefixes
1415 1496
fruit
1416
baskets
1416
robots
1417
cooldown
1418
homecoming
1420
final
1424 1561 1626
prices
1424
battleships
1425
board
1425 1694
uncommon
1426 1642 1806
sufficient
1431
team
1431 1674
corridor
1438
apples
1441
reward
1445
sender
1446
squared
1447
pow
1448
decrease
1449
smoother
1453
partitions
1462 1580
call
1464
context
1464
topmost
1466
having
1468
emails
1471
lcm
1472
concatenating
1473 1750
constrained
1474
sightseeing
1476
angle
1478
hands
1478 1557
rope
1479
colorful
1479
mysterious
1481
satisfy
1484 1796
7
1486
twin
1489
tuple
1491
sub-arrays
1494 1560 1621
widest
1495
toeplitz
1498
consistent
1499
destroying
1501
asteroids
1501
queens
1502
attack
1502
king
1502
monthly
1503
weeks
1505
which
1505
getting
1507
fresh
1507
donuts
1507
map
1508 1517
waiting
1509
formed
1512 1571
dinner
1516
plate
1516
edge
1519 1644
v
1520 1747
quadruplets
1522 1588
how
1524
many
1524
current
1524
lexicographically
1525 1634 1840
applying
1525
infected
1526
balance
1528
replacements
1529
dessert
1530
places
1532
away
1532
bulls
1536
cows
1536
sqrt(x)
1540
bouquets
1543
dungeon
1544
changes
1545
reconstruct
1548 1790
subjects
1549
taught
1549
teacher
1549
packaging
1550
expressive
1552
x-matrix
1556
couples
1557
holding
1557
statistics
1559
sample
1559
variable
1561
performing
1561
subdomain
1562
visit
1562 1681
swim
1564
it
1568
straight
1568
justification
1573
strongest
1576
great
1580
chalkboard
1581
tour
1582
configuration
1582
tallest
1586
billboard
1586
collisions
1589 1719
monkeys
1589
coin
1595 1680

1597
pseudo-palindromic
1598
garbage
1599
played
1600
id
1603
identifier
1603
appeal
1605
descending
1607
repetitions
1608
eliminate
1609
monsters
1609
submatrix
1613
rearrangements
1613
mirror
1616
reflection
1616
chain
1619
represent
1623
chart
1623
division
1624
popular
1628
creator
1628
transpose
1630
selling
1631 1774
wood
1631
item
1632
fraction
1635 1817
recurring
1635
decimal
1635
illumination
1638
invited
1639
bitwise-or
1643
checking
1644
existence
1644
crawler
1650
folder
1650
?'s
1652
triangular
1657
eventual
1659
states
1659
xor-beauty
1664
keys
1665
halve
1666
push
1668
dominoes
1668
conversion
1670
labels
1671
performance
1674
growth
1675
bowling
1678
frequencies
1679
cell
1681
legal
1682
lr
1683
matches
1684
tournament
1684
close
1685
bag
1690
unhappy
1692
hills
1693
valleys
1693
texts
1695
abbreviating
1696
incompatibility
1697
outermost
1698
zuma
1699
allowed
1702
computers
1704
solution
1705
no-zero
1706
enclaves
1714
compression
1715
sudoku
1717
road
1719
24
1721
superstring
1722
movie
1727 1814
rental
1727
generator
1731
contest
1732
placing
1733
provinces
1735
larger
1736
license
1737
formatting
1737
numerically
1738
weak
1740
article
1742
views
1742
dining
1743
philosophers
1743
distant
1744
barcodes
1744
alphabetical
1745
center
1746
life
1752
heaters
1755
deviation
1756
teach
1757
new
1763
21
1763
stick
1764
ambiguous
1766
coordinates
1766
delayed
1767
arrival
1767
h2o
1770
infinite
1771
leaf-similar
1772
wildcard
1776
length-3
1780
unreachable
1785
undirected
1785
orderly
1787
magnetic
1788
force
1788
atm
1789
trie
1791
(prefix
1791
tree)
1791
pancake
1792
defuse
1794
bomb
1794
project
1803
competitive
1804
previous
1805
pizza
1807
3n
1807
y
1808
independently
1811
1-bit
1818
2-bit
1818
boundary
1820
tweets
1823
k-beauty
1828
supersequence
1829
obstacles
1830
rings
1834
rods
1834
min-product
1836
mean
1839
built
1843
respecting
1844
dependencies
1844
subtrees
1846
recipes
1850
supplies
1850
weakest
1857
labelled
1859
reveal
1860
enemy
1865
forts
1865
captured
1865
ipo
1866
say
1869
heroes
1871
logical
1877
grids
1877
represented
1877
quad-trees
1877
wrapper
1880
dialer
1881
reversal
1886
sub-folders
1888
filesystem
1888
hourglass
1891
